2147483647C
0 0
3001 1
3247 1
2677 1
3234 1
3325 1
3093 1
2682 1
3309 1
2546 1
3310 1
3184 1
3249 1
3285 1
3259 1
3226 1
3427 1
3258 1
3268 1
3460 1
3249 1
3314 1
3270 1
3266 1
3432 1
3332 1
3359 1
3301 1
3296 1
3304 1
3362 1
3322 1
3290 1
3278 1
3332 1
3332 1
3101 1
3156 1
3155 1
3152 1
3333 1
3333 1
3332 1
3311 1
3177 1
3189 1
3330 1
3244 1
3322 1
3221 1
3266 1
3308 1
3307 1
3377 1
3298 1
3333 1
3328 1
3273 1
3336 1
3365 1
3238 1
3848 1
3218 1
3041 1
3775 1
3273 1
3346 1
3283 1
3523 1
3345 1
3441 1
3401 1
3333 1
3376 1
2791 1
3174 1
3319 1
3186 1
3229 1
3343 1
3301 1
3432 1
3295 1
3267 1
3291 1
3343 1
3309 1
3348 1
3176 1
3192 1
3172 1
3179 1
3362 1
3340 1
3413 1
3325 1
3320 1
3349 1
3897 1
3325 1
3316 1
3342 1
3602 1
3223 1
3433 1
3331 1
3278 1
2805 1
2353 1
2660 1
2367 1
4736 1
3312 1
3250 1
3478 1
3553 1
3528 1
2675 1
2351 1
4191 1
2785 1
2368 1
2355 1
2374 1
2341 1
2365 1
2353 1
2358 1
2348 1
2358 1
2363 1
2359 1
3579 1
2363 1
2354 1
2673 1
3340 1
3335 1
3295 1
3304 1
3287 1
3194 1
3222 1
3886 1
2355 1
3265 1
3389 1
2362 1
3561 1
2355 1
2358 1
2354 1
2382 1
2357 1
3296 1
3273 1
2358 1
2360 1
2353 1
2350 1
2343 1
2353 1
2356 1
3360 1
2364 1
2371 1
2358 1
2353 1
2675 1
2354 1
2350 1
3367 1
3482 1
2369 1
3345 1
3366 1
3562 1
3120 1
3398 1
3328 1
2353 1
2362 1
3004 1
3246 1
2370 1
2351 1
2369 1
3340 1
2356 1
2367 1
3667 1
2365 1
2359 1
2345 1
2363 1
2365 1
2353 1
2349 1
4130 1
3335 1
3682 1
3672 1
2367 1
3370 1
2363 1
2363 1
2361 1
3358 1
3345 1
3345 1
3346 1
3349 1
2367 1
3417 1
3527 1
3665 1
3316 1
3394 1
3310 1
2361 1
2382 1
2351 1
2359 1
3243 1
2360 1
2360 1
3237 1
3662 1
3307 1
2353 1
2660 1
2358 1
2346 1
3524 1
3256 1
3432 1
6259 1
2361 1
2361 1
3506 1
3312 1
3339 1
3402 1
2359 1
3376 1
2376 1
3309 1
2359 1
2352 1
2360 1
3560 1
3374 1
2357 1
2552 1
2359 1
3286 1
2354 1
2356 1
2375 1
2369 1
3372 1
3271 1
3315 1
2358 1
4678 1
3599 1
2352 1
2366 1
2364 1
2376 1
3509 1
3312 1
2368 1
2372 1
2806 1
2366 1
2346 1
2671 1
3295 1
2356 1
3365 1
2355 1
3472 1
3285 1
2375 1
2364 1
2376 1
2351 1
2355 1
2369 1
2353 1
2360 1
3278 1
2356 1
2357 1
2360 1
2355 1
3318 1
2362 1
2366 1
3268 1
2363 1
2354 1
2361 1
2351 1
2358 1
3374 1
2341 1
2358 1
4759 1
2354 1
2365 1
2346 1
4676 1
2354 1
2368 1
2364 1
3215 1
2361 1
2361 1
2340 1
3335 1
4147 1
3015 1
2358 1
3424 1
2354 1
2360 1
2356 1
2376 1
2351 1
2358 1
2360 1
2357 1
3427 1
3204 1
2355 1
2365 1
2351 1
2360 1
2363 1
2350 1
2349 1
2353 1
2358 1
2370 1
2362 1
2364 1
2357 1
2362 1
2358 1
2363 1
3399 1
2356 1
2366 1
2372 1
2353 1
2365 1
2365 1
2363 1
4815 1
2362 1
2374 1
3262 1
2373 1
2374 1
2368 1
2356 1
2372 1
2356 1
3274 1
2363 1
2364 1
2356 1
2359 1
2357 1
2356 1
2361 1
2357 1
2364 1
2362 1
4898 1
2349 1
2359 1
2362 1
2355 1
2350 1
2344 1
2356 1
2785 1
2363 1
2366 1
2361 1
2800 1
2352 1
3434 1
2354 1
3568 1
2352 1
3433 1
2362 1
2357 1
3321 1
2353 1
2349 1
2359 1
3121 1
3661 1
2610 1
2615 1
2614 1
2363 1
3325 1
2349 1
3428 1
3579 1
2370 1
2581 1
2357 1
2351 1
2373 1
2361 1
2367 1
2358 1
2354 1
2354 1
3494 1
2357 1
2350 1
2371 1
3642 1
2351 1
2369 1
2360 1
2349 1
2387 1
2362 1
2370 1
2364 1
5230 1
2355 1
2370 1
3429 1
